1259086
1615833
1617505
1677191
1697031
1728491
1782872
1982722
2067338
2199401
2335618
2602448
2931360
3323335
3346222
3422846
3453804
3795244
4315219
4333994
4350318
4418596
4689736
4826797
5098319
5156495
5169247
5199489
5244678
5244696
5354217
5363876
5381165
5409752
5516235
5740501
6142965
6209550
6213934
6267277
6291197
6403522
6407038
6547563
6639274
6639374
6664491
6994871
7035063
7054770
7062658
7214023
7363937
7386487
7422335
7539822
7636862
7840726
7857210
7945505
8002391
8006863
8184802
8196627
8251161
8257791
8275451
8280066
8287182
8290075
8329503
8367587
8479248
8483126
8510607
8551294
8636582
8642946
8647431
8667856
8676555
8781078
8782952
8838457
8876214
8877966
8889801
8920124
8960845
8969935
8986743
9096335
9172962
9175287
9206246
9297721
9398976
9432993
9454352
9510881
9517277
9569096
9586352
9681778
9778670
9801574
9811446
9823596
9958189
10049294
10063098
10161359
10277987
10301467
10306720
10368838
10372440
10396060
10397976
10490990
10575122
10579854
10596148
10631039
10643450
10647925
10656733
10678941
10751500
10788009
10902093
10904007
10920575
10937829
10948024
10981285
11024241
11029061
11051759
11209048
11209319
11226246